1 0.515625 0.196366 0.080730 0.022197 0.478056 0.184982 2 0.556194 0.187844 2 0.552332 0.208675 2 0.474194 0.205813 2
2 0.512369 0.220776 0.076823 0.023727 0.473958 0.208912 2 0.550781 0.208912 2 0.550781 0.232639 2 0.473958 0.232639 2
3 0.511393 0.246094 0.070964 0.022280 0.476625 0.234700 2 0.547716 0.235331 2 0.546728 0.257325 2 0.475636 0.256694 2
4 0.508138 0.270688 0.069662 0.023437 0.473307 0.258970 2 0.542969 0.258970 2 0.542969 0.282407 2 0.473307 0.282407 2
5 0.502278 0.296379 0.072265 0.024140 0.470120 0.283135 2 0.542421 0.285841 2 0.538084 0.308729 2 0.465783 0.306023 2
6 0.497721 0.322917 0.076172 0.024884 0.463884 0.309255 2 0.539983 0.311973 2 0.535734 0.335473 2 0.459635 0.332755 2
7 0.497070 0.348379 0.078776 0.022569 0.457682 0.337095 2 0.536458 0.337095 2 0.536458 0.359664 2 0.457682 0.359664 2
8 0.499674 0.373842 0.074869 0.021991 0.462706 0.362664 2 0.537574 0.362996 2 0.537082 0.384873 2 0.462214 0.384540 2
9 0.504232 0.401620 0.086588 0.024305 0.457323 0.390836 2 0.543825 0.388000 2 0.547655 0.411079 2 0.461154 0.413915 2
10 0.507162 0.427517 0.091145 0.026331 0.461989 0.414088 2 0.553173 0.414393 2 0.552729 0.440694 2 0.461545 0.440389 2
11 0.504557 0.458044 0.100261 0.027200 0.455695 0.443637 2 0.555994 0.444593 2 0.554687 0.471675 2 0.454388 0.470719 2
12 0.499024 0.490555 0.102213 0.029886 0.451731 0.475389 2 0.550943 0.478323 2 0.546861 0.505594 2 0.447649 0.502660 2
13 0.488607 0.524884 0.107422 0.027199 0.436809 0.510274 2 0.542688 0.512207 2 0.540169 0.539444 2 0.434290 0.537510 2
14 0.472981 0.559751 0.119141 0.030382 0.416401 0.544222 2 0.532852 0.546918 2 0.529540 0.575180 2 0.413089 0.572484 2
15 0.465495 0.599247 0.121094 0.032407 0.406455 0.582282 2 0.527591 0.583484 2 0.525983 0.615463 2 0.404848 0.614261 2
16 0.472330 0.643952 0.121745 0.037905 0.407024 0.627035 2 0.528759 0.624062 2 0.533203 0.660012 2 0.411468 0.662984 2
17 0.476562 0.684751 0.125000 0.033276 0.409833 0.671618 2 0.537161 0.667574 2 0.542134 0.698500 2 0.414806 0.702545 2
0 0.518880 0.174177 0.076823 0.019676 0.480875 0.164069 2 0.557989 0.165720 2 0.555970 0.184349 2 0.478855 0.182698 2